25
9 14 9 4 13 10 8 10 16 13 4 13 3 13 25 20 14 14 9 4 4 14 3 11 5
4 7 8 13 17 18 20 24 25
1 4 5 6 7 9 11 13 15 16 17 21 23 25
3 5 9 11 14 15 16 19 24
2 12 13 17
2 7 8 9 10 12 13 17 18 19 20 24 25
4 6 8 9 10 11 14 19 24 25
1 3 4 10 11 17 18 21
1 2 4 5 9 11 12 18 24 25
1 2 5 6 7 8 9 10 12 13 14 18 20 21 22 24
1 2 4 7 8 9 10 11 13 19 20 22 25
1 5 14 21
2 3 4 5 6 7 8 10 15 18 20 22 25
14 18 20
1 2 4 5 7 14 15 16 19 21 23 24 25
1 2 3 4 5 6 7 8 9 10 11 12 13 14 15 16 17 18 19 20 21 22 23 24 25
1 3 4 6 7 8 9 10 14 15 16 17 18 19 20 21 22 23 24 25
1 3 4 5 9 10 11 13 15 17 18 21 22 24
1 2 3 4 6 7 11 13 18 19 20 21 24 25
1 6 7 12 15 18 19 24 25
8 10 13 25
2 6 18 23
1 4 5 6 10 12 13 15 18 19 20 22 24 25
2 7 10
1 2 8 9 11 15 18 19 21 23 25
4 12 21 22 25
-3 -1 5 5 -5 9 -9 -10 -5 -3 7 6 6 10 4 -2 1 8 -10 -7 6 7 -3 -2 8
-10 8 0 0 9 -8 10 10 -1 8 -6 0 9 -7 -3 -3 -3 3 4 -3 -3 1 2 2
-4 8 -3 2 8 -8 -5 3 -3 9 10 -7 -2 -7 -3 -3 6 8 9 -5 1 5 -6
5 -5 7 -1 0 -6 1 6 1 -3 -9 0 10 4 -2 -10 -8 -10 -8 1 -9 -7
0 -5 -10 -9 8 -10 -4 5 5 -6 -1 -5 -3 10 -8 -6 -4 -6 3 4 -7
-2 5 -6 3 -5 4 -7 -4 -5 -2 -5 8 9 0 9 7 -3 -7 4 -1
-8 5 7 10 8 -7 -3 5 -3 10 2 10 2 -7 7 -4 -8 5 -5
3 -10 -5 4 4 -10 5 6 -7 -7 5 7 1 5 7 -10 2 -1
5 -3 -4 2 9 5 -5 -9 -1 7 -4 -5 -10 5 -7 -4 -1
8 9 10 5 4 0 5 -3 9 -9 -5 -9 6 -3 6 -5
2 8 6 0 10 2 -3 10 0 4 8 2 6 -7 5
5 5 -5 5 4 -1 5 5 4 -8 -7 8 -8 0
-7 -10 0 -6 0 5 1 4 2 0 -10 -8 -3
2 -8 -6 -6 -10 -2 7 -7 -5 -3 -9 6
-9 9 -4 4 6 9 -5 -5 -8 -5 4
-6 3 6 -10 3 3 -1 -3 -4 2
4 4 -5 -7 -3 -10 2 0 6
-5 5 -8 2 -6 3 0 9
-4 9 -10 -1 -10 -6 -10
2 9 -9 8 -8 -3
-1 -6 4 8 -4
-4 -6 9 4
2 -6 -3
-6 8
3