50
30 9 23 46 47 28 41 9 19 34 12 48 37 16 46 35 15 5 21 24 33 8 42 21 5 35 34 7 33 48 15 14 20 45 34 29 38 20 12 2 12 24 5 13 8 13 41 38 27 33
2 3 5 6 7 8 10 13 14 17 18 19 21 23 25 28 29 31 32 33 36 37 38 39 40 41 43 45 47 50
1 5 8 16 20 21 22 29 31
2 7 8 10 11 13 14 15 17 18 20 23 31 34 37 38 40 44 45 46 47 49 50
1 2 3 4 5 6 7 8 9 10 12 13 14 15 16 17 18 19 20 21 22 23 25 26 27 28 29 31 32 33 34 35 36 37 38 39 40 41 42 43 44 45 47 48 49 50
1 2 3 4 5 6 8 9 10 11 12 14 15 16 17 18 19 20 22 23 24 25 26 27 28 29 30 31 32 33 34 35 36 37 38 39 40 41 42 43 44 45 46 47 48 49 50
1 3 4 5 6 7 12 15 16 17 18 20 21 22 27 28 29 32 33 34 36 37 38 39 42 43 47 48
1 2 3 4 5 6 7 8 9 10 11 14 16 18 19 22 23 24 25 26 27 28 29 30 32 33 34 35 37 39 40 41 42 43 44 45 46 47 48 49 50
10 12 13 15 20 25 28 32 43
3 8 11 15 16 17 23 29 30 31 32 36 38 39 40 41 46 49 50
1 2 4 5 6 7 9 10 11 12 15 18 19 20 21 23 24 25 26 27 30 32 36 37 38 39 41 42 43 44 46 47 48 50
4 5 6 18 20 22 26 27 33 39 44 47
1 2 3 4 5 6 7 8 9 10 11 12 13 14 15 16 17 18 19 20 22 23 24 25 26 28 29 30 31 32 33 34 35 36 37 38 39 40 41 42 43 44 45 46 47 48 49 50
2 3 4 5 6 8 9 12 13 14 16 19 20 21 22 25 27 28 29 30 31 32 33 34 35 36 37 38 39 41 42 44 45 46 47 48 50
3 5 6 8 9 11 15 17 21 27 29 39 41 43 44 50
1 2 3 4 5 6 7 8 10 11 12 13 14 15 16 17 18 19 20 21 22 23 24 26 27 28 29 30 31 33 34 35 36 37 38 39 40 41 42 44 45 46 47 48 49 50
1 2 3 4 5 7 8 10 11 14 18 19 20 21 22 23 24 25 26 28 29 30 34 35 36 37 38 40 41 43 44 45 46 47 48
3 4 6 12 14 23 24 25 26 29 32 41 47 48 49
17 21 24 37 46
2 4 5 8 9 13 14 15 17 21 22 23 30 34 35 40 42 45 47 48 49
7 9 10 13 16 18 19 21 25 27 28 30 32 33 34 37 38 39 42 43 44 45 48 50
1 2 3 4 8 10 11 12 13 16 20 23 24 25 27 28 29 30 31 32 34 37 38 39 40 42 43 44 45 47 48 49 50
4 19 31 32 34 36 39 47
2 3 5 7 8 9 10 11 13 14 15 16 18 20 21 22 24 25 26 27 28 29 30 31 32 33 34 35 37 38 39 40 41 42 43 44 45 46 47 48 49 50
5 6 8 11 13 14 16 19 24 25 26 28 30 32 33 34 36 39 41 46 49
5 17 20 43 47
1 2 5 6 8 9 11 12 16 18 19 20 21 25 26 27 28 29 30 31 32 33 34 37 38 39 41 42 43 45 46 47 48 49 50
1 3 4 5 7 8 10 12 13 16 19 21 22 24 25 27 28 29 31 32 33 34 35 36 37 38 41 42 43 44 45 46 49 50
2 3 8 14 17 35 45
1 7 10 11 13 14 15 16 18 19 21 22 24 26 27 28 29 30 31 33 34 36 37 38 39 42 43 45 46 47 48 49 50
1 2 3 4 5 6 7 8 9 10 11 12 13 14 15 16 17 18 19 20 22 23 24 26 27 28 29 30 31 32 33 34 35 36 37 38 39 40 41 42 43 44 45 46 47 48 49 50
2 3 5 16 19 21 23 28 31 32 39 41 43 44 49
3 7 12 21 27 29 32 34 37 39 42 46 47 48
1 4 6 12 13 14 20 24 26 27 28 31 33 36 39 41 42 45 46 50
1 2 3 4 5 6 7 8 9 11 12 14 15 16 17 18 19 20 21 22 23 24 25 26 27 28 29 30 31 32 33 34 35 36 37 38 39 40 42 43 46 47 48 49 50
1 2 3 4 6 7 8 9 10 12 13 14 15 16 17 20 21 22 24 26 28 30 31 34 35 36 37 38 40 42 43 44 46 47
3 6 7 9 11 12 13 14 16 17 18 19 21 22 23 24 25 26 27 28 31 33 35 38 39 40 44 45 46
1 2 4 6 8 11 13 14 15 16 17 18 20 21 22 23 24 26 27 28 29 30 31 32 33 34 35 36 37 39 42 43 44 45 46 47 48 50
1 3 7 10 11 13 16 17 18 19 20 23 24 28 32 40 42 45 46 50
3 4 8 18 22 24 29 31 34 39 42 45
21 27
5 10 11 15 19 24 31 35 43 47 48 49
5 7 8 10 11 12 13 14 15 16 18 19 24 25 28 33 34 36 38 40 46 47 48 50
1 16 32 33 34
3 5 7 15 17 24 25 31 32 34 43 45 50
2 3 5 8 13 20 22 38
2 7 12 13 18 19 26 28 35 36 40 41 45
1 2 3 4 5 6 7 8 9 10 12 13 14 15 17 19 20 21 23 24 25 26 28 29 31 32 35 36 37 38 39 40 41 42 43 44 45 46 47 48 49
1 2 4 5 6 8 9 10 11 12 14 15 16 18 20 22 23 24 25 26 28 29 32 33 34 35 36 37 38 40 41 42 43 44 46 48 49 50
1 2 3 5 6 10 14 19 20 24 25 27 28 29 31 33 35 36 37 40 41 42 43 44 48 49 50
1 2 6 10 13 14 15 16 17 18 19 21 23 24 25 26 27 31 32 33 34 35 36 37 39 41 42 43 44 47 48 49 50
6 4 -2 -6 -4 7 -8 10 5 -6 -10 4 -7 1 0 6 -7 8 10 0 -3 2 10 2 -1 -1 -6 -5 -6 5 10 -8 4 2 -6 6 -2 -4 -7 -7 -3 1 7 -1 -6 8 5 -7 -8 6
-3 5 -8 2 -5 7 9 -3 -10 0 8 -6 6 -2 -1 5 -5 6 1 -9 -2 -9 9 4 10 4 1 -5 -7 -9 -5 6 4 -2 -1 -10 -2 -4 8 -2 -7 -4 -8 9 8 -9 -7 8 10
3 5 9 -6 0 7 -8 -7 -3 7 -1 -2 -6 8 7 -10 -2 4 -3 -2 1 10 7 5 10 2 1 1 4 1 -2 -5 -7 3 10 6 4 -10 -4 -10 -7 10 5 -4 -4 -4 -10 4
-8 9 2 -7 1 10 5 -9 1 2 5 -10 -4 8 4 -1 -6 8 -3 5 2 -1 9 -5 0 10 -5 -8 2 0 -3 2 -3 2 -5 -4 8 -1 -4 -8 6 5 -1 -9 -5 -4 -5
4 -9 -6 7 5 -3 -6 3 3 0 1 9 2 -1 5 -3 5 5 -10 6 -6 -8 -7 -2 0 -8 -4 -5 8 4 10 -2 2 -3 -10 2 -3 -7 -6 9 9 -7 -3 -7 -10 -6
7 3 -5 5 10 -10 -2 -9 0 5 2 -7 -2 7 4 4 3 -7 6 -9 10 -1 9 -8 10 -7 3 0 4 -9 4 -9 2 1 -3 -8 -5 -10 5 0 -10 -8 -2 7 -10
-9 1 -6 1 10 1 -8 6 -7 5 6 6 5 -6 9 -8 2 -1 3 -10 7 8 -3 3 -10 -1 -8 -8 6 9 -2 9 -7 4 -5 -5 0 -8 6 -4 10 3 2 -2
9 6 -8 4 -4 -10 -5 4 -3 2 -10 9 5 5 -3 -5 1 5 1 -2 1 -4 -2 -10 -1 9 -4 -6 -9 5 6 7 -1 5 -2 5 -2 2 -5 9 -4 3 4
-7 -8 3 0 -6 2 -9 -3 -6 -4 -7 -9 9 6 6 -5 7 9 -10 3 10 2 -4 -4 -9 -8 8 -8 2 -6 -10 4 -10 -10 10 6 5 1 5 -3 -6 -1
-7 7 -2 6 5 3 6 -3 3 -1 4 0 -3 5 2 -5 -9 -1 -6 7 -10 -1 10 1 10 -6 10 -10 -1 9 1 1 1 7 2 -9 6 0 -1 3 8
-4 1 -3 -8 1 -2 -6 -8 4 -1 -6 7 -8 6 -6 -5 9 -5 -5 -7 0 1 3 1 1 -1 10 9 -9 -5 -4 10 -3 -5 6 -5 3 -8 -5 6
4 -4 4 3 3 10 -4 7 -2 6 7 -4 -7 -1 8 -1 1 -8 6 2 3 -7 10 2 7 2 0 -10 4 -2 -4 -10 -2 -3 10 -1 9 -3 10
-1 6 -10 -10 4 7 7 -7 3 4 -10 0 -2 -3 0 0 7 4 7 -10 9 4 3 -5 4 1 -10 8 5 -7 -7 -4 6 4 -6 -7 7 1
-5 -4 -9 6 -6 2 -9 9 -10 -4 6 -9 2 -6 3 6 -9 -5 4 4 0 -4 -6 -1 6 5 10 -9 -10 5 0 5 1 10 6 -10 6
-1 -10 0 2 10 -4 9 -1 -10 -2 9 1 -1 9 -3 -9 -3 9 -10 -8 0 10 5 6 -6 0 -8 -4 4 1 8 -7 10 9 -1 -5
8 -4 2 -4 0 9 8 -6 -1 -1 -5 -7 -9 5 -7 -6 -3 0 9 0 -8 -1 2 -6 -7 1 5 4 4 3 8 -9 9 -1 -2
-5 7 7 5 -5 -4 -9 -8 6 -7 -4 5 10 7 1 9 -7 8 -7 -4 0 7 -8 -3 -4 0 9 3 -1 -4 -9 -10 -1 -6
7 7 -9 -4 7 6 10 1 4 -4 -5 8 -8 3 10 6 -7 -7 -3 10 -1 -5 9 -4 10 -9 0 -8 4 -6 10 -6 -4
-6 0 0 0 -8 -2 9 6 0 -10 -7 6 -7 -9 8 0 -2 1 -8 8 5 4 3 -5 3 4 9 1 -7 -9 2 -4
-3 -2 -4 -7 7 0 10 -1 -5 -6 -5 -3 -6 -9 9 -8 7 7 4 3 -8 7 -5 1 7 1 9 5 -3 5 6
-7 3 -3 -8 2 -1 -5 7 10 4 -10 7 -10 -7 -4 -6 -6 -1 -5 2 -6 1 -5 -2 -8 6 -5 -7 -6 0
-1 -2 5 3 -8 -5 -6 4 0 0 -1 0 -1 -7 -6 8 4 6 -10 3 -5 -6 -2 9 6 -4 3 5 7
6 4 1 -10 3 7 2 -6 8 -2 -10 -4 -1 -2 -1 -8 9 -4 -8 10 1 0 -5 3 3 -6 -7 2
2 -10 -1 3 8 -2 2 -9 -4 5 -9 8 -7 1 8 0 -3 10 0 0 -10 -10 -1 0 -7 5 6
-9 10 4 3 -8 -10 -3 1 1 7 -1 6 -6 7 8 9 -5 5 5 -7 -2 4 -9 10 1 -5
0 6 10 8 6 4 -5 1 9 7 10 5 0 -3 -8 -7 5 10 1 8 -1 -9 -3 6 -2
-1 2 -1 6 -8 6 -8 -6 -7 -4 -4 4 -7 -6 -1 -4 10 -2 -9 -4 8 4 -9 4
3 -5 2 8 4 -3 1 -2 -8 -3 10 8 2 5 -3 1 6 1 -8 -7 -3 -5 -2
-1 -2 -10 -4 3 8 -9 -6 8 5 8 2 5 -10 0 6 8 9 2 -8 -5 -3
2 1 -7 0 -3 -1 8 5 5 -1 5 0 5 8 8 10 0 0 9 -5 0
8 -5 6 -8 9 9 -3 -4 1 0 3 6 -6 10 -2 -5 6 2 10 8
-9 5 1 -4 2 9 -4 1 -8 10 -8 4 -6 -5 -2 -6 8 8 2
1 4 -2 0 1 -9 2 7 -8 10 10 2 -7 2 10 6 -4 -8
5 -7 7 2 -2 6 3 -6 -5 3 -2 -8 1 -2 -4 -5 -6
2 -2 -10 0 10 -8 1 10 2 -7 -1 -5 2 -3 6 -3
6 -3 2 7 -6 9 4 -7 8 -10 4 -1 -10 9 2
0 -10 -5 3 10 6 10 7 -6 3 -10 -1 -6 6
6 10 9 -2 8 5 -8 4 -2 -10 7 -2 -9
9 -4 1 8 3 8 3 -2 8 9 -3 -9
-2 4 8 -8 9 -6 -3 6 7 -2 6
-10 4 -10 -2 8 9 -3 2 -4 5
10 -4 5 -1 -4 9 2 -8 10
-6 4 -1 9 -3 6 -5 -6
-6 -4 0 -4 -3 10 3
7 3 2 3 9 3
-10 -1 4 9 7
-1 -10 4 7
-10 4 6
-10 0
6